3 0.313281 0.983333 0.021875 0.033333
3 0.342969 0.970139 0.015625 0.034722
3 0.567578 0.804861 0.014844 0.034722
3 0.580469 0.788194 0.012500 0.023611
3 0.478906 0.801389 0.031250 0.022222
3 0.476953 0.939583 0.035156 0.026389
4 0.249609 0.943056 0.135156 0.113889
4 0.369922 0.901389 0.091406 0.197222
4 0.472656 0.793056 0.060938 0.080556
4 0.476562 0.927083 0.067188 0.073611
4 0.541797 0.812500 0.047656 0.200000
4 0.589844 0.775694 0.045313 0.168056
4 0.628125 0.914583 0.017188 0.087500
4 0.624609 0.753472 0.024219 0.170833
4 0.554297 0.977083 0.072656 0.043056
3 0.564453 0.970139 0.025781 0.023611
