5 0.634766 0.277083 0.094531 0.429167
5 0.747656 0.272222 0.120312 0.458333
5 0.697656 0.652778 0.226562 0.211111
5 0.702734 0.873611 0.230469 0.205556
5 0.401953 0.850000 0.250781 0.169444
5 0.401953 0.627778 0.246094 0.169444
5 0.336719 0.275694 0.110937 0.443056
5 0.461328 0.281944 0.132031 0.427778
3 0.401563 0.545833 0.257812 0.036111
3 0.405469 0.761806 0.248437 0.015278
3 0.697656 0.777778 0.228125 0.080556
3 0.696484 0.540278 0.235156 0.038889
3 0.071484 0.542361 0.028906 0.020833
3 0.069922 0.506250 0.032031 0.034722
4 0.017969 0.147917 0.029687 0.254167
4 0.059766 0.261111 0.044531 0.436111
4 0.061328 0.661111 0.038281 0.250000
4 0.210938 0.238194 0.028125 0.156944
