3 0.216797 0.435417 0.035156 0.187500
3 0.226562 0.637500 0.040625 0.202778
3 0.562500 0.581250 0.070312 0.031944
5 0.170703 0.405556 0.091406 0.233333
5 0.194531 0.780556 0.098438 0.422222
4 0.271875 0.636111 0.054688 0.047222
4 0.270312 0.697222 0.053125 0.047222
4 0.272266 0.764583 0.063281 0.051389
4 0.270703 0.838194 0.064844 0.070833
4 0.175391 0.169444 0.099219 0.202778
4 0.281250 0.231250 0.089062 0.251389
4 0.354688 0.248611 0.050000 0.222222
4 0.478516 0.259722 0.086719 0.188889
4 0.689844 0.493056 0.109375 0.386111
