5 0.131250 0.359028 0.112500 0.240278
5 0.130469 0.605556 0.115625 0.233333
5 0.248047 0.390278 0.091406 0.202778
5 0.251563 0.590972 0.092188 0.193056
3 0.132422 0.492361 0.116406 0.037500
3 0.246875 0.490972 0.084375 0.029167
3 0.047266 0.448611 0.013281 0.063889
4 0.031250 0.432639 0.056250 0.581944
4 0.383203 0.595139 0.047656 0.106944
4 0.437500 0.390972 0.018750 0.093056
4 0.457031 0.384722 0.018750 0.105556
4 0.475000 0.404167 0.018750 0.091667
4 0.530859 0.418750 0.016406 0.079167
4 0.543359 0.424306 0.017969 0.070833
4 0.557422 0.425694 0.013281 0.073611
