5 0.705078 0.351389 0.119531 0.213889
5 0.707422 0.675694 0.117969 0.423611
3 0.656641 0.557639 0.014844 0.173611
3 0.650781 0.384722 0.031250 0.125000
3 0.159375 0.711806 0.032812 0.020833
3 0.488281 0.634722 0.020312 0.025000
3 0.591016 0.628472 0.021094 0.020833
3 0.061328 0.659722 0.021094 0.022222
3 0.299219 0.906944 0.020312 0.033333
3 0.295703 0.743056 0.021094 0.022222
4 0.300781 0.777083 0.098438 0.109722
4 0.305859 0.947222 0.099219 0.100000
4 0.164062 0.877778 0.101562 0.244444
4 0.172656 0.704167 0.089062 0.058333
4 0.066016 0.659028 0.082031 0.065278
4 0.066406 0.836806 0.082813 0.284722
4 0.043359 0.215278 0.086719 0.347222
4 0.156250 0.229861 0.115625 0.331944
4 0.616406 0.188194 0.057813 0.112500
4 0.677734 0.188194 0.055469 0.098611
