4 0.176953 0.346528 0.133594 0.318056
4 0.272656 0.337500 0.054688 0.180556
4 0.321875 0.357639 0.042188 0.148611
4 0.360938 0.395139 0.035937 0.193056
4 0.393359 0.409028 0.038281 0.173611
4 0.432813 0.409722 0.045313 0.150000
4 0.470703 0.406250 0.042969 0.156944
4 0.640234 0.385417 0.050781 0.184722
4 0.700391 0.376389 0.064844 0.188889
4 0.707031 0.596528 0.056250 0.034722
4 0.705859 0.633333 0.055469 0.036111
4 0.708594 0.661111 0.048437 0.030556
4 0.710156 0.707639 0.051562 0.059722
3 0.708984 0.714583 0.014844 0.020833
3 0.707812 0.665278 0.014062 0.025000
3 0.708984 0.628472 0.014844 0.023611
3 0.708203 0.595139 0.013281 0.020833
3 0.246094 0.678472 0.018750 0.020833
3 0.246484 0.495139 0.013281 0.023611
3 0.333203 0.478472 0.016406 0.056944
