3 0.529688 0.391667 0.006250 0.058333
3 0.542969 0.387500 0.012500 0.047222
3 0.103906 0.382639 0.014062 0.056944
3 0.087109 0.381250 0.014844 0.045833
3 0.021484 0.614583 0.042969 0.498611
3 0.585156 0.709722 0.009375 0.052778
3 0.593750 0.718750 0.014062 0.051389
3 0.445312 0.688889 0.012500 0.052778
3 0.335547 0.702778 0.013281 0.050000
3 0.317969 0.704861 0.017188 0.043056
3 0.136719 0.661111 0.043750 0.019444
3 0.141406 0.725694 0.040625 0.023611
3 0.140234 0.802778 0.047656 0.027778
3 0.142969 0.896528 0.045313 0.023611
3 0.304688 0.269444 0.012500 0.044444
3 0.322266 0.276389 0.017969 0.047222
4 0.143750 0.268056 0.093750 0.288889
4 0.254687 0.213194 0.110937 0.159722
4 0.364453 0.234722 0.096094 0.144444
4 0.482422 0.296528 0.105469 0.248611
4 0.588672 0.299306 0.097656 0.245833
3 0.485938 0.631250 0.032812 0.018056
4 0.483203 0.627083 0.086719 0.034722
4 0.483203 0.751389 0.083594 0.172222
4 0.572266 0.772917 0.039844 0.206944
4 0.619531 0.815972 0.053125 0.254167
4 0.375000 0.772222 0.079687 0.197222
4 0.275781 0.786806 0.095312 0.193056
4 0.144922 0.662500 0.108594 0.038889
4 0.140234 0.720139 0.110156 0.045833
4 0.146875 0.803472 0.115625 0.073611
4 0.144531 0.895833 0.115625 0.061111
5 0.044531 0.538889 0.081250 0.900000
