3 0.341797 0.568750 0.071094 0.051389
3 0.152344 0.570139 0.068750 0.034722
3 0.111719 0.900000 0.071875 0.052778
3 0.225781 0.922917 0.075000 0.037500
3 0.300391 0.298611 0.066406 0.047222
3 0.964844 0.509028 0.070312 0.034722
3 0.894531 0.708333 0.171875 0.050000
4 0.681641 0.097917 0.182031 0.109722
4 0.941797 0.488889 0.116406 0.130556
4 0.858594 0.693056 0.282813 0.227778
4 0.648438 0.887500 0.135937 0.100000
4 0.815234 0.912500 0.166406 0.105556
4 0.954687 0.928472 0.090625 0.112500
4 0.166797 0.559028 0.164844 0.151389
4 0.342187 0.569444 0.198437 0.166667
4 0.298828 0.284028 0.132031 0.104167
4 0.116406 0.879167 0.117188 0.136111
4 0.228906 0.900000 0.126563 0.127778
