3 0.443359 0.692361 0.138281 0.062500
3 0.450000 0.456250 0.143750 0.045833
3 0.122266 0.472222 0.032031 0.219444
3 0.101562 0.638889 0.050000 0.030556
3 0.211328 0.616667 0.025781 0.022222
3 0.208984 0.656250 0.027344 0.026389
3 0.298828 0.661111 0.028906 0.019444
3 0.301562 0.704861 0.032812 0.029167
3 0.450391 0.960417 0.055469 0.048611
3 0.698047 0.872917 0.055469 0.045833
3 0.432031 0.252778 0.015625 0.069444
3 0.456250 0.249306 0.018750 0.062500
3 0.289453 0.241667 0.013281 0.041667
3 0.305469 0.240972 0.010937 0.043056
3 0.090625 0.252083 0.009375 0.040278
3 0.101953 0.255556 0.017969 0.033333
3 0.310547 0.379167 0.019531 0.094444
5 0.088281 0.457639 0.106250 0.309722
5 0.109375 0.700000 0.090625 0.144444
4 0.073437 0.250694 0.046875 0.084722
4 0.121875 0.247222 0.043750 0.091667
4 0.269531 0.227778 0.051562 0.088889
4 0.320312 0.223611 0.053125 0.083333
4 0.396875 0.201389 0.089062 0.197222
4 0.503516 0.186111 0.102344 0.197222
4 0.451953 0.947917 0.128906 0.073611
4 0.714453 0.863194 0.183594 0.073611
4 0.308594 0.779861 0.078125 0.173611
4 0.314844 0.672222 0.065625 0.038889
4 0.218359 0.624306 0.071094 0.048611
4 0.229297 0.738889 0.069531 0.155556
