3 0.216406 0.622917 0.042188 0.034722
3 0.221094 0.687500 0.042188 0.022222
3 0.201562 0.759028 0.045313 0.026389
3 0.322266 0.723611 0.033594 0.027778
3 0.338281 0.618750 0.017188 0.048611
3 0.359766 0.609722 0.014844 0.033333
3 0.456250 0.563889 0.039062 0.027778
3 0.453125 0.615278 0.029687 0.019444
3 0.469531 0.661111 0.028125 0.025000
3 0.383984 0.697917 0.030469 0.020833
3 0.595703 0.429861 0.021094 0.023611
2 0.630078 0.368750 0.074219 0.420833
4 0.217187 0.623611 0.103125 0.041667
4 0.211328 0.684722 0.102344 0.038889
4 0.255859 0.745833 0.161719 0.033333
4 0.319531 0.627778 0.062500 0.097222
4 0.388672 0.600694 0.061719 0.101389
4 0.459766 0.550000 0.072656 0.050000
4 0.457812 0.605556 0.048437 0.050000
4 0.417188 0.688889 0.109375 0.038889
3 0.011328 0.515278 0.019531 0.038889
