4 0.250000 0.366667 0.068750 0.269444
4 0.313672 0.368056 0.058594 0.261111
4 0.256641 0.562500 0.061719 0.100000
4 0.316797 0.553472 0.064844 0.093056
4 0.289062 0.896528 0.034375 0.206944
4 0.340234 0.910417 0.042969 0.176389
4 0.389453 0.940278 0.041406 0.119444
4 0.445312 0.952083 0.062500 0.095833
4 0.464063 0.365972 0.035937 0.168056
4 0.509375 0.368056 0.042188 0.155556
4 0.546484 0.370139 0.044531 0.151389
4 0.585156 0.376389 0.042188 0.155556
4 0.168359 0.646528 0.082031 0.031944
4 0.175000 0.695833 0.081250 0.044444
4 0.171875 0.752083 0.090625 0.040278
4 0.173047 0.360417 0.052344 0.201389
4 0.114453 0.351389 0.050781 0.205556
4 0.050391 0.333333 0.057031 0.233333
3 0.018750 0.415972 0.012500 0.068056
4 0.613672 0.606250 0.027344 0.059722
4 0.571094 0.604167 0.037500 0.036111
