3 0.190625 0.663889 0.021875 0.030556
3 0.185547 0.747222 0.019531 0.027778
3 0.187109 0.846528 0.016406 0.034722
3 0.341797 0.784028 0.019531 0.034722
3 0.346094 0.697222 0.017188 0.022222
3 0.346484 0.627778 0.011719 0.019444
3 0.607031 0.658333 0.021875 0.019444
3 0.833594 0.819444 0.329688 0.150000
3 0.948828 0.310417 0.035156 0.162500
3 0.829297 0.164583 0.021094 0.037500
3 0.853516 0.163194 0.027344 0.029167
3 0.698047 0.404167 0.016406 0.036111
3 0.197266 0.412500 0.014844 0.027778
3 0.211719 0.419444 0.012500 0.022222
5 0.028906 0.621528 0.054688 0.731944
4 0.182422 0.662500 0.178906 0.050000
4 0.179688 0.742361 0.189063 0.076389
4 0.185156 0.834722 0.200000 0.100000
4 0.341406 0.795139 0.143750 0.065278
4 0.342578 0.704861 0.139844 0.084722
4 0.339453 0.647917 0.130469 0.076389
4 0.150000 0.282639 0.125000 0.301389
4 0.252344 0.315278 0.093750 0.252778
4 0.341797 0.346528 0.078906 0.245833
4 0.458594 0.401389 0.093750 0.352778
4 0.456641 0.672222 0.089844 0.188889
4 0.616016 0.806250 0.091406 0.345833
4 0.663281 0.287500 0.082813 0.305556
4 0.778906 0.143056 0.135937 0.130556
4 0.920703 0.095833 0.158594 0.133333
