5 0.150000 0.561806 0.170312 0.184722
3 0.172656 0.686111 0.125000 0.086111
5 0.164844 0.859028 0.135937 0.281944
5 0.283984 0.869444 0.064844 0.261111
3 0.488281 0.631944 0.035937 0.019444
3 0.545313 0.634028 0.035937 0.020833
3 0.648828 0.636806 0.036719 0.029167
3 0.652734 0.347917 0.036719 0.020833
3 0.505859 0.349306 0.032031 0.018056
3 0.406250 0.352083 0.035937 0.023611
4 0.369141 0.283333 0.121094 0.152778
4 0.476953 0.279167 0.094531 0.141667
4 0.694531 0.283333 0.132812 0.150000
4 0.674609 0.699306 0.102344 0.168056
4 0.569922 0.700000 0.100781 0.169444
4 0.464844 0.695833 0.103125 0.166667
