3 0.883203 0.621528 0.074219 0.320833
3 0.928125 0.300694 0.068750 0.312500
3 0.767969 0.146528 0.037500 0.120833
5 0.962891 0.288889 0.074219 0.333333
5 0.935938 0.738194 0.128125 0.523611
3 0.774219 0.597222 0.035937 0.036111
3 0.140234 0.454167 0.017969 0.027778
3 0.107813 0.456944 0.017188 0.033333
3 0.121875 0.407639 0.021875 0.031944
3 0.182031 0.156250 0.015625 0.029167
3 0.229687 0.156944 0.026563 0.022222
3 0.482031 0.155556 0.012500 0.025000
3 0.507422 0.159028 0.017969 0.029167
4 0.118750 0.402083 0.232812 0.037500
4 0.062109 0.518056 0.117969 0.158333
4 0.162109 0.513889 0.069531 0.163889
4 0.771094 0.590972 0.143750 0.098611
4 0.462109 0.095139 0.072656 0.165278
4 0.547266 0.100000 0.083594 0.166667
4 0.306250 0.102778 0.171875 0.147222
4 0.105078 0.100000 0.175781 0.152778
