5 0.296484 0.495833 0.264844 0.305556
5 0.329688 0.849306 0.259375 0.301389
3 0.418750 0.536111 0.045313 0.200000
3 0.439453 0.734722 0.044531 0.166667
3 0.504687 0.811111 0.070312 0.047222
3 0.512500 0.897917 0.065625 0.043056
3 0.536328 0.368056 0.055469 0.027778
3 0.600391 0.483333 0.032031 0.113889
3 0.658203 0.542361 0.038281 0.020833
3 0.714063 0.532639 0.035937 0.018056
4 0.697266 0.454861 0.055469 0.165278
4 0.642187 0.464583 0.051562 0.179167
4 0.534375 0.362500 0.120312 0.047222
4 0.519141 0.813194 0.103906 0.065278
4 0.530078 0.925694 0.114844 0.118056
2 0.047656 0.538194 0.090625 0.887500
4 0.448047 0.468750 0.064844 0.237500
3 0.456250 0.568056 0.042188 0.033333
