3 0.177734 0.677778 0.014844 0.063889
3 0.197266 0.675694 0.017969 0.068056
3 0.357812 0.636806 0.035937 0.023611
3 0.358594 0.725000 0.045313 0.036111
3 0.355469 0.811111 0.043750 0.036111
3 0.357812 0.894444 0.040625 0.022222
5 0.826563 0.659028 0.256250 0.681944
3 0.617969 0.205556 0.021875 0.066667
3 0.610156 0.215972 0.015625 0.056944
3 0.559766 0.251389 0.013281 0.055556
3 0.556250 0.252083 0.014062 0.048611
3 0.598047 0.928472 0.028906 0.056944
3 0.555859 0.804861 0.021094 0.043056
4 0.249609 0.795833 0.121094 0.330556
4 0.157813 0.813194 0.075000 0.345833
4 0.354297 0.659028 0.107031 0.076389
4 0.358984 0.740972 0.110156 0.087500
4 0.355469 0.824306 0.120312 0.087500
4 0.357422 0.905556 0.103906 0.069444
4 0.564844 0.908333 0.045313 0.180556
4 0.605078 0.940278 0.052344 0.119444
4 0.549609 0.175694 0.019531 0.243056
4 0.572266 0.153472 0.024219 0.245833
4 0.602344 0.134722 0.040625 0.244444
4 0.641016 0.131250 0.047656 0.220833
4 0.025000 0.029167 0.045313 0.058333
