3 0.469922 0.511806 0.136719 0.037500
3 0.470313 0.629861 0.132812 0.040278
3 0.478906 0.818750 0.132812 0.037500
3 0.112891 0.565972 0.108594 0.026389
3 0.124219 0.675694 0.106250 0.045833
3 0.137109 0.801389 0.099219 0.027778
3 0.147656 0.906250 0.096875 0.045833
3 0.982031 0.697222 0.035937 0.033333
3 0.986328 0.431250 0.027344 0.023611
3 0.221875 0.039583 0.018750 0.059722
3 0.601562 0.026389 0.010937 0.041667
4 0.458594 0.526389 0.418750 0.063889
4 0.469141 0.677778 0.403906 0.127778
4 0.481250 0.845139 0.389062 0.126389
4 0.970312 0.725694 0.059375 0.123611
4 0.973047 0.534028 0.053906 0.243056
4 0.128125 0.576389 0.234375 0.083333
4 0.131641 0.686111 0.238281 0.086111
4 0.135547 0.799306 0.247656 0.093056
4 0.149219 0.925694 0.228125 0.131944
4 0.131641 0.050000 0.263281 0.080556
4 0.691797 0.027778 0.216406 0.052778
