3 0.437109 0.391667 0.036719 0.033333
3 0.634766 0.406250 0.033594 0.023611
4 0.451953 0.390972 0.141406 0.070833
4 0.645312 0.411111 0.173438 0.077778
3 0.518359 0.581944 0.080469 0.033333
3 0.519531 0.656944 0.076563 0.044444
3 0.524219 0.731944 0.071875 0.044444
4 0.533203 0.762500 0.288281 0.111111
4 0.530859 0.689583 0.292969 0.115278
4 0.527344 0.615972 0.306250 0.106944
3 0.451562 0.819444 0.029687 0.025000
3 0.609375 0.861806 0.032812 0.029167
3 0.450391 0.933333 0.028906 0.030556
3 0.599609 0.984722 0.021094 0.019444
4 0.533203 0.947917 0.267969 0.098611
4 0.471484 0.820139 0.147656 0.087500
4 0.628516 0.861806 0.144531 0.084722
4 0.271094 0.595139 0.201562 0.293056
4 0.775000 0.701389 0.070312 0.377778
3 0.560156 0.479861 0.064062 0.029167
4 0.569141 0.496528 0.321094 0.093056
