3 0.710547 0.739583 0.053906 0.023611
3 0.704297 0.844444 0.046094 0.036111
3 0.701953 0.951389 0.044531 0.027778
4 0.706250 0.745833 0.185937 0.077778
4 0.701953 0.854167 0.177344 0.094444
4 0.701172 0.944444 0.182031 0.097222
5 0.133203 0.610417 0.041406 0.656944
5 0.164844 0.583333 0.043750 0.583333
4 0.687891 0.220833 0.028906 0.375000
4 0.648438 0.240278 0.034375 0.347222
4 0.432031 0.278472 0.084375 0.195833
4 0.504687 0.281250 0.035937 0.209722
4 0.540625 0.277083 0.035937 0.234722
4 0.081641 0.124306 0.022656 0.154167
4 0.106250 0.145833 0.028125 0.158333
3 0.086719 0.163889 0.018750 0.055556
3 0.099609 0.181250 0.016406 0.045833
