5 0.228516 0.325694 0.107031 0.345833
5 0.093359 0.309028 0.153906 0.384722
5 0.100781 0.706250 0.143750 0.334722
5 0.228516 0.686111 0.099219 0.308333
3 0.148047 0.520139 0.267969 0.048611
3 0.399609 0.525694 0.191406 0.043056
3 0.408594 0.613194 0.207813 0.040278
5 0.364844 0.375000 0.153125 0.355556
5 0.478125 0.377083 0.062500 0.295833
5 0.848437 0.280556 0.168750 0.452778
5 0.964063 0.286111 0.046875 0.447222
5 0.510156 0.295833 0.037500 0.394444
5 0.830469 0.720139 0.235938 0.381944
5 0.358594 0.651389 0.142188 0.091667
5 0.476953 0.646528 0.057031 0.081944
