3 0.370313 0.568750 0.057813 0.040278
3 0.373047 0.629167 0.047656 0.038889
3 0.370703 0.705556 0.057031 0.036111
3 0.373828 0.799306 0.049219 0.031944
3 0.377734 0.902778 0.049219 0.033333
4 0.367188 0.571528 0.221875 0.037500
4 0.368750 0.627778 0.215625 0.061111
4 0.373437 0.698611 0.204688 0.077778
4 0.373047 0.784722 0.196094 0.094444
4 0.380469 0.892361 0.206250 0.093056
3 0.960938 0.846528 0.020312 0.034722
3 0.955078 0.940972 0.024219 0.037500
4 0.955078 0.843750 0.089844 0.109722
4 0.952734 0.926389 0.094531 0.111111
