3 0.542969 0.691667 0.025000 0.066667
3 0.489844 0.671528 0.026563 0.056944
3 0.408203 0.515278 0.030469 0.022222
3 0.650000 0.554861 0.028125 0.034722
3 0.705859 0.226389 0.019531 0.038889
3 0.475781 0.218056 0.018750 0.041667
3 0.504687 0.218750 0.015625 0.045833
4 0.430469 0.207639 0.114063 0.190278
4 0.583594 0.204861 0.164062 0.212500
4 0.771875 0.203472 0.157813 0.206944
4 0.651563 0.734028 0.229687 0.279167
4 0.663281 0.561111 0.248437 0.088889
4 0.421094 0.518056 0.162500 0.069444
4 0.422266 0.670833 0.177344 0.247222
