3 0.153906 0.496528 0.034375 0.248611
3 0.179297 0.500694 0.024219 0.226389
5 0.113672 0.493056 0.110156 0.294444
5 0.203516 0.485417 0.069531 0.265278
5 0.157422 0.715972 0.178906 0.126389
3 0.163281 0.659028 0.167187 0.037500
5 0.360547 0.780556 0.066406 0.269444
3 0.353906 0.672917 0.065625 0.054167
2 0.951172 0.502083 0.067969 0.229167
4 0.817578 0.354861 0.064844 0.170833
4 0.816406 0.518750 0.062500 0.123611
4 0.819922 0.646528 0.064844 0.123611
4 0.746484 0.349306 0.049219 0.145833
4 0.692578 0.359722 0.047656 0.136111
4 0.100000 0.234028 0.104687 0.184722
4 0.198437 0.270139 0.078125 0.148611
4 0.270312 0.359722 0.045313 0.177778
4 0.320312 0.375000 0.051562 0.172222
4 0.292969 0.634722 0.060938 0.050000
4 0.291797 0.703472 0.060156 0.051389
4 0.306641 0.586806 0.088281 0.031944
3 0.373437 0.573611 0.040625 0.025000
4 0.480469 0.387500 0.025000 0.122222
4 0.505859 0.397222 0.024219 0.116667
4 0.539844 0.388194 0.040625 0.131944
4 0.575781 0.400000 0.021875 0.122222
4 0.608203 0.372222 0.024219 0.066667
4 0.644141 0.366667 0.032031 0.088889
3 0.731250 0.474306 0.096875 0.034722
3 0.727344 0.559028 0.092188 0.043056
