3 0.677734 0.487500 0.027344 0.269444
3 0.678906 0.228472 0.021875 0.184722
5 0.844922 0.169444 0.308594 0.225000
5 0.841797 0.661111 0.316406 0.663889
3 0.546875 0.231944 0.017188 0.044444
3 0.534766 0.234722 0.011719 0.036111
3 0.439063 0.322222 0.010937 0.030556
3 0.426172 0.331944 0.010156 0.030556
3 0.455469 0.630556 0.021875 0.055556
3 0.468359 0.624306 0.017969 0.056944
3 0.401563 0.601389 0.023438 0.013889
3 0.401563 0.650694 0.023438 0.018056
3 0.401953 0.720139 0.032031 0.023611
3 0.402344 0.551389 0.018750 0.022222
3 0.374219 0.601389 0.012500 0.047222
3 0.371484 0.537500 0.021094 0.013889
3 0.316016 0.534028 0.030469 0.015278
3 0.293750 0.588194 0.014062 0.037500
3 0.064062 0.295139 0.012500 0.045833
3 0.163672 0.219444 0.010156 0.052778
3 0.187500 0.223611 0.017188 0.044444
3 0.273828 0.330556 0.013281 0.027778
3 0.067969 0.602083 0.017188 0.043056
3 0.040625 0.542361 0.035937 0.018056
4 0.048047 0.222222 0.039844 0.219444
4 0.126563 0.179861 0.084375 0.123611
4 0.217187 0.197222 0.084375 0.119444
4 0.322656 0.254167 0.112500 0.191667
4 0.412109 0.260417 0.044531 0.190278
4 0.463281 0.247917 0.054688 0.190278
4 0.520312 0.197917 0.050000 0.151389
4 0.578125 0.172222 0.064062 0.186111
4 0.646484 0.172222 0.061719 0.244444
4 0.494141 0.700000 0.049219 0.202778
4 0.442578 0.684028 0.035156 0.190278
4 0.403516 0.546528 0.022656 0.026389
4 0.402344 0.602778 0.026563 0.041667
4 0.404687 0.652778 0.031250 0.052778
4 0.399609 0.713889 0.024219 0.066667
4 0.369141 0.654167 0.024219 0.158333
4 0.371875 0.536111 0.023438 0.030556
4 0.312891 0.533333 0.052344 0.038889
4 0.312109 0.646528 0.049219 0.159722
4 0.043359 0.668750 0.052344 0.181944
4 0.041016 0.534028 0.049219 0.029167
