3 0.696875 0.416667 0.023438 0.300000
3 0.734766 0.434722 0.027344 0.286111
3 0.692578 0.662500 0.194531 0.061111
5 0.639063 0.402083 0.120312 0.426389
5 0.782812 0.406944 0.112500 0.422222
5 0.700781 0.748611 0.240625 0.230556
3 0.453906 0.565278 0.028125 0.027778
3 0.441797 0.624306 0.010156 0.056944
3 0.463281 0.625694 0.012500 0.059722
4 0.450391 0.553472 0.147656 0.054167
4 0.414844 0.685417 0.068750 0.198611
4 0.493750 0.697917 0.085938 0.204167
3 0.459375 0.101389 0.014062 0.061111
3 0.476172 0.106944 0.013281 0.058333
4 0.426172 0.074306 0.078906 0.134722
4 0.509375 0.073611 0.079687 0.141667
3 0.055469 0.647917 0.015625 0.068056
3 0.066406 0.634722 0.015625 0.050000
4 0.042188 0.736111 0.046875 0.197222
4 0.078906 0.703472 0.031250 0.187500
