3 0.972656 0.440278 0.026563 0.225000
3 0.994922 0.437500 0.010156 0.219444
5 0.930469 0.528472 0.106250 0.568056
5 0.993750 0.526389 0.012500 0.577778
4 0.069922 0.180556 0.125781 0.277778
4 0.189453 0.225000 0.103906 0.238889
4 0.228906 0.698611 0.115625 0.200000
4 0.077734 0.747917 0.141406 0.212500
4 0.464453 0.632639 0.035156 0.129167
4 0.505469 0.625694 0.039062 0.109722
4 0.577344 0.627083 0.079687 0.123611
4 0.660937 0.650694 0.090625 0.129167
4 0.781250 0.663889 0.121875 0.166667
4 0.788672 0.291667 0.091406 0.166667
4 0.691016 0.316667 0.078906 0.138889
4 0.612109 0.329167 0.055469 0.130556
4 0.548437 0.338194 0.043750 0.115278
4 0.487500 0.329861 0.040625 0.129167
4 0.431250 0.306944 0.054688 0.161111
4 0.365625 0.233333 0.056250 0.080556
4 0.297266 0.207639 0.067969 0.095833
3 0.380078 0.348611 0.013281 0.047222
3 0.377734 0.563194 0.117969 0.026389
